Round Robin Test 
1;6;
3;6;
4;6;
7;6;
5;6;
2;6;
10;5;
11;6;
8;186;
14;6;
16;6;
9;8;
15;191;
6;6;
12;587;
13;6;
17;7;
18;6;
20;8;
19;198;
24;7;
21;11;
27;197;
26;7;
23;10;
25;6;
22;11;
28;595;
30;6;
34;6;
32;10;
29;193;
35;779;
41;161;
40;9;
31;187;
37;772;
43;154;
33;11;
38;197;
36;9;
39;594;
45;372;
46;10;
49;11;
47;10;
51;7;
55;6;
44;380;
52;10;
57;6;
42;588;
48;1174;
53;194;
50;563;
58;5;
63;8;
61;8;
64;195;
70;5;
54;558;
69;6;
59;385;
56;752;
60;1144;
66;933;
72;315;
67;198;
73;383;
78;7;
65;977;
71;757;
62;1338;
75;7;
79;5;
76;7;
81;6;
82;5;
68;1123;
85;5;
84;6;
90;6;
77;142;
83;733;
88;10;
74;909;
91;10;
89;119;
87;6;
94;5;
95;306;
80;1497;
86;1683;
100;192;
101;94;
93;593;
96;9;
102;596;
97;7;
103;592;
108;6;
106;5;
112;194;
92;1073;
99;777;
118;5;
107;8;
113;597;
109;11;
98;1662;
104;1843;
115;601;
121;388;
114;8;
110;1236;
105;961;
111;1546;
119;9;
116;1025;
124;12;
130;197;
120;594;
122;818;
117;936;
125;200;
131;393;
136;6;
126;786;
132;573;
123;1132;
129;918;
127;10;
137;7;
128;611;
134;797;
135;306;
141;488;
142;7;
133;603;
147;5;
140;182;
138;5;
144;586;
139;789;
143;7;
148;11;
150;7;
154;5;
145;575;
156;6;
146;374;
151;362;
149;194;
155;378;
161;6;
152;566;
153;11;
157;145;
167;6;
158;352;
162;8;
163;334;
160;6;
166;591;
159;599;
169;123;
165;785;
171;572;
173;7;
164;538;
168;197;
174;388;
175;11;
172;11;
178;198;
180;5;
179;7;
170;730;
186;4;
184;7;
177;5;
176;928;
181;8;
187;192;
190;6;
183;584;
196;6;
189;369;
195;154;
182;706;
185;11;
192;6;
191;593;
198;191;
188;887;
197;374;
203;151;
193;7;
204;7;
199;592;
201;8;
202;6;
208;188;
210;5;
194;1074;
209;6;
214;6;
215;5;
216;5;
200;1255;
206;1038;
212;423;
207;189;
205;374;
211;960;
213;378;
221;6;
222;6;
220;7;
217;353;
218;10;
224;201;
228;5;
223;143;
229;5;
226;6;
227;9;
219;165;
230;7;
235;6;
232;6;
236;5;
225;760;
233;9;
231;545;
234;7;
240;192;
237;331;
243;114;
239;9;
245;193;
238;6;
241;6;
249;9;
242;6;
255;6;
247;594;
253;383;
248;589;
246;8;
252;595;
258;6;
251;10;
261;6;
244;590;
257;194;
259;6;
264;5;
267;6;
265;7;
250;1176;
256;1358;
262;743;
254;380;
263;6;
269;196;
268;132;
271;8;
275;6;
260;964;
266;1153;
272;546;
274;6;
280;5;
273;6;
270;9;
276;598;
278;7;
284;186;
282;11;
286;4;
288;5;
277;12;
281;7;
290;6;
279;205;
283;595;
294;6;
292;10;
296;6;
300;5;
285;791;
291;974;
289;383;
295;564;
287;198;
293;781;
299;169;
298;6;
297;364;
301;8;
302;7;
304;6;
303;151;
305;6;
309;4;
306;8;
308;7;
307;7;
315;5;
312;8;
310;10;
316;200;
321;6;
314;7;
313;200;
319;386;
311;7;
317;593;
318;11;
323;6;
327;6;
320;193;
324;210;
330;5;
325;10;
329;6;
326;382;
332;173;
322;6;
328;594;
331;207;
333;11;
336;9;
339;6;
337;6;
343;197;
334;6;
338;10;
335;9;
349;5;
344;203;
342;7;
348;200;
350;5;
345;6;
351;197;
340;597;
346;792;
354;5;
352;188;
341;599;
347;1191;
355;5;
356;7;
357;7;
361;5;
360;7;
358;10;
362;6;
366;6;
353;580;
363;9;
369;6;
364;188;
370;371;
367;7;
376;6;
359;770;
368;6;
372;10;
378;195;
382;5;
373;195;
375;6;
365;1345;
379;386;
374;598;
388;7;
380;1184;
386;963;
384;10;
381;595;
392;358;
398;148;
371;1935;
377;2516;
385;565;
387;1175;
390;597;
383;1905;
389;1686;
394;6;
391;1153;
393;967;
399;756;
404;10;
395;1087;
400;597;
397;944;
405;140;
411;6;
396;794;
401;875;
406;383;
403;731;
409;518;
415;5;
402;978;
408;762;
414;157;
407;662;
413;452;
410;8;
416;202;
419;5;
420;6;
417;5;
421;5;
412;174;
418;366;
426;5;
423;6;
427;5;
424;8;
425;8;
422;6;
428;199;
431;8;
432;6;
437;5;
430;6;
429;6;
435;592;
434;8;
438;7;
433;8;
441;8;
436;193;
442;383;
443;6;
444;8;
439;601;
449;6;
450;5;
447;9;
448;7;
440;209;
446;795;
452;188;
445;390;
451;579;
453;11;
454;8;
458;5;
455;11;
459;5;
456;6;
457;7;
462;6;
460;6;
463;6;
461;8;
467;183;
469;6;
468;10;
466;6;
474;6;
475;5;
464;6;
470;593;
465;6;
480;6;
471;597;
473;11;
481;6;
472;198;
476;6;
486;6;
487;6;
477;386;
479;195;
485;379;
478;383;
491;6;
483;575;
493;5;
484;570;
490;357;
482;201;
492;6;
488;786;
489;362;
497;11;
503;5;
496;6;
502;187;
494;577;
498;7;
504;592;
510;6;
499;9;
505;591;
508;10;
495;555;
509;6;
511;7;
515;6;
500;761;
506;940;
512;326;
501;1138;
507;921;
513;307;
517;5;
514;6;
518;5;
519;4;
520;6;
516;6;
521;7;
526;6;
527;6;
522;195;
524;6;
525;6;
530;5;
523;6;
533;6;
528;6;
534;196;
532;6;
536;5;
529;200;
531;5;
538;6;
542;5;
537;202;
539;5;
540;7;
545;5;
535;393;
543;10;
548;6;
541;586;
551;6;
544;10;
549;6;
555;193;
546;10;
552;597;
554;8;
550;601;
556;390;
560;5;
558;10;
547;372;
564;11;
557;6;
563;582;
562;8;
566;9;
570;6;
553;960;
561;8;
569;6;
568;195;
574;5;
572;6;
559;1149;
578;5;
576;8;
565;1333;
575;8;
581;190;
580;7;
567;590;
573;1173;
579;557;
571;1117;
587;5;
582;7;
588;195;
586;9;
584;9;
577;900;
590;197;
592;7;
585;5;
591;594;
597;7;
583;1082;
598;5;
603;6;
604;6;
593;5;
594;6;
596;9;
602;590;
608;5;
609;5;
589;1274;
599;589;
595;1457;
601;1239;
600;590;
606;774;
605;769;
607;629;
613;417;
612;166;
610;6;
614;9;
619;5;
616;198;
622;6;
611;560;
625;6;
618;8;
624;202;
615;10;
628;4;
617;754;
620;10;
626;598;
632;5;
623;551;
630;8;
634;6;
621;603;
627;1191;
633;585;
636;7;
629;344;
638;9;
642;5;
631;10;
639;10;
640;9;
644;5;
645;5;
646;5;
648;4;
635;530;
641;728;
650;6;
637;603;
643;791;
651;6;
647;112;
654;7;
649;181;
655;360;
652;7;
653;9;
659;193;
657;10;
661;5;
656;6;
660;8;
665;5;
663;7;
662;195;
668;5;
669;4;
666;8;
667;8;
658;191;
672;6;
664;782;
670;581;
674;8;
671;7;
675;9;
676;7;
680;6;
673;9;
678;6;
682;5;
